# Data used in paper, sourced from Surfline

set BEACHES := Huntington El_Porto Trestles Trails River_Jetties
set HOURS := 6 7 8 9 10 11 12 13 14 15 16 17 18

param swell_period: 6 7 8 9 10 11 12 13 14 15 16 17 18:=
Huntington 13 13 13 13 13 13 13 13 13 13 13 13 13 13 13 13 13 13 13 13 13 12 12 12 
El_Porto 17 17 17 17 17 16 16 16 16 16 16 16 16 16 16 16 16 16 16 16 16 16 16 16 
Trestles 13 13 13 13 13 13 13 13 13 13 13 13 13 13 13 13 13 13 13 13 13 12 12 12 
Trails 13 13 13 13 13 13 13 13 13 13 13 13 13 13 13 13 13 13 13 13 13 12 12 12 
River_Jetties 13 13 13 13 13 13 13 13 13 13 13 13 13 13 13 13 13 13 13 13 13 12 12 12;

param swell_height: 6 7 8 9 10 11 12 13 14 15 16 17 18:=
Huntington 1.32421 1.32005 1.1003 1.31142 1.3062 1.17247 1.08337 1.29367 1.29409 1.2916 1.29219 1.29101 1.28789 1.28373 0.92277 0.93064 0.94757 0.73602 0.73022 0.83455 0.86667 0.86827 0.86988 0.86414 
El_Porto 1.03747 1.04984 1.07159 1.0855 1.10682 1.10472 1.11893 1.12441 1.13054 1.12651 1.20666 1.15705 1.33776 1.34833 1.37169 1.37044 1.38845 1.35292 1.34984 1.37054 1.36893 1.37149 1.38747 1.4019 
Trestles 1.29846 1.29347 1.28789 1.29393 1.28596 1.28606 1.28415 1.28009 1.28061 1.32336 1.32933 1.33199 1.30709 1.21827 1.20978 0.84744 0.70358 0.69869 0.82713 0.81194 0.79423 0.85614 0.85568 0.84859 
Trails 1.28327 1.28589 1.19173 1.28661 1.28852 1.28012 1.27585 1.27428 1.27336 1.32231 1.31509 1.23688 1.2333 1.22283 0.85236 0.83596 0.6876 0.75919 0.75322 0.80013 0.78812 0.85131 0.84957 0.84341
River_Jetties 1.28068 1.27884 1.27218 1.02172 1.10154 1.06063 1.1294 1.04623 1.03278 1.23297 1.22936 1.22044 1.2144 1.20764 0.88002 0.8854 0.86998 0.91453 0.71355 0.76043 0.78766 0.82218 0.8399 0.84265;

param wind_direction: 6 7 8 9 10 11 12 13 14 15 16 17 18:=
Huntington 113.1703 95.55432 49.41272 0.88064 32.92507 57.40825 30.59518 25.10789 33.41827 123.84081 258.84728 269.75959 260.96588 263.39828 259.39358 254.2831 255.29854 275.46533 16.36531 65.50836 68.35926 64.04442 67.43755 73.76959 
El_Porto 132.00618 95.34402 82.18995 80.28853 346.73298 34.59066 70.75698 76.72774 87.09676 93.62912 57.85002 281.78439 264.62904 262.94416 265.00579 276.60567 284.79923 292.63102 281.9282 143.96454 91.10512 48.39271 75.20157 68.413
Trestles 88.78963 107.33892 84.7264 50.13002 45.54769 67.4224 82.00638 84.54897 175.0188 266.38499 255.53636 260.84707 264.00844 276.90445 283.80335 290.28432 296.11082 305.48616 329.74193 75.98374 70.36796 67.23595 64.49144 55.61623
Trails 137.23179 95.58921 54.15369 36.06755 44.3561 74.3383 110.60559 16.91417 310.04758 279.05941 250.29262 260.63929 268.27279 279.05011 287.58578 294.17239 301.97405 314.63175 349.54097 85.18233 72.42956 66.16506 65.4045 58.47985
River_Jetties 117.57748 106.1027 96.8691 26.82587 33.25032 61.04162 40.10537 51.713 113.31846 189.07764 260.77299 270.23061 264.93323 269.00892 267.29358 264.64539 274.55738 312.83119 21.50634 60.60538 67.13526 62.58138 62.80512 67.16404;

param wind_speed: 6 7 8 9 10 11 12 13 14 15 16 17 18:=
Huntington 1.2582 1.75007 1.17969 1.63281 1.36519 2.79312 2.6808 2.23055 1.24764 1.38626 1.16245 2.04094 4.41419 5.97754 5.48281 5.19831 4.94116 3.96585 2.12326 14.90859 15.90126 15.21988 14.97739 17.73076
El_Porto 0.53643 2.86229 3.78847 4.14716 0.5782 2.53595 3.46289 5.32632 5.5928 4.21169 0.67333 1.29058 5.12058 5.27809 5.11698 5.8397 6.04917 5.47757 3.46137 1.15496 2.34027 2.85974 2.48362 1.79353
Trestles 4.1706 2.72079 2.85179 3.27455 4.63402 7.15897 4.8522 3.25493 0.7498 2.99494 4.16896 4.94186 6.82653 7.70436 6.85047 6.14302 5.36588 3.63087 2.51608 1.92243 8.1391 8.4744 9.55274 9.01634 
Trails 2.10423 1.34002 3.33541 4.66502 3.39696 5.57317 1.89381 1.58286 1.28616 2.75116 3.60661 4.23555 6.22836 7.37092 6.63213 6.10278 5.45084 3.55351 2.48676 2.53506 8.2858 8.69164 9.93078 10.0742
River_Jetties 1.19532 1.73206 1.05898 1.13246 1.67242 3.06724 2.6612 1.97354 1.15043 2.43532 1.76594 2.70185 4.76683 6.01656 5.31731 4.67446 4.03404 3.87235 7.51742 14.25553 13.74139 11.89087 12.44668 14.42235;

param commute_there: 6 7 8 9 10 11 12 13 14 15 16 17 18:=
Huntington 52 55 60 62 62 67 70 70 72 67 65 65 67
El_Porto 55 55 55 60 62 70 77 77 77 77 77 77 80
Trestles 62 62 65 70 70 70 72 75 75 72 72 70 70
Trails 67 70 72 77 75 77 82 82 82 72 72 72 70
River_Jetties 50 50 55 55 60 67 67 67 67 65 60 62 57;

param commute_back: 6 7 8 9 10 11 12 13 14 15 16 17 18:=
Huntington 52 55 55 57 60 65 70 77 77 85 85 80 
El_Porto 55 57 57 60 62 70 77 80 87 87 87 75
Trestles 62 62 65 65 70 77 82 90 85 85 85 85 77
Trails 67 67 70 70 77 82 90 90 92 90 90 85 85
River_Jetties 50 50 55 55 57 60 67 70 77 77 77 80 72;
